0 0
900 80
910 0
950 80
960 0
1650 80
1660 0
1720 10
1730 0
1800 11
1945 0
1965 11
2054 0
2074 8
2136 0
2146 11
2259 0
2279 4
2319 0
2329 11
2467 0
2487 4
2527 0
2537 11
2638 0
2658 40
2670 0
2698 8
2803 0
2813 11
2988 0
3008 40
3020 0
3048 8
3088 0
3098 11
3197 0
3217 40
3229 0
3257 4
3297 0
3307 11
3448 0
3468 40
3480 0
3508 4
3555 0
3565 11
3696 0
3716 40
3728 0
3756 11
3871 0
3891 40
3903 0
3931 8
4002 0
4012 11
4185 0
4205 40
4217 0
4245 8
4343 0
4353 11
4468 0
4488 40
4500 0
4528 8
4591 0
4601 11
4795 0
4815 40
4827 0
4855 8
4895 0
4905 11
5132 0
5152 40
5164 0
5192 4
5232 0
5242 11
5414 0
5434 40
5446 0
5474 4
5541 0
5551 11
5729 0
5749 40
5761 0
5781 8
5881 0
5891 11
5974 0
5994 40
6006 0
6034 8
6128 0
6138 11
6220 0
6240 8
6360 0
6370 11
6689 0
6709 4
6749 0
6759 11
6915 0
6935 4
7083 0
7093 11
7135 0
7155 8
7198 0
7208 11
7310 0
7330 8
7370 0
7380 11
7475 0
7495 8
7575 0
7585 11
7675 0
7695 8
7766 0
7776 11
7842 0
7862 8
7938 0
7948 11
8021 0
8041 8
8084 0
8094 11
8155 0
8175 8
8221 0
8231 11
8286 0
8306 11
8365 0
