0 0
90 11
235 0
255 11
368 0
388 8
450 0
460 11
573 0
593 4
633 0
643 11
781 0
801 4
841 0
851 11
952 0
972 40
984 0
1012 8
1117 0
1127 11
1302 0
1322 40
1334 0
1362 8
1460 0
1470 11
1553 0
1573 40
1585 0
1613 4
1653 0
1663 11
1804 0
1824 40
1836 0
1864 4
1911 0
1921 11
2052 0
2072 40
2084 0
2112 11
2227 0
2247 40
2259 0
2287 8
2358 0
2368 11
2462 0
2482 40
2494 0
2522 8
2616 0
2626 11
2741 0
2761 40
2773 0
2801 8
2864 0
2874 11
3068 0
3088 40
3100 0
3128 8
3168 0
3178 11
3405 0
3425 40
3437 0
3465 4
3505 0
3515 11
3687 0
3707 40
3719 0
3747 4
3814 0
3824 11
4002 0
4022 40
4034 0
4054 8
4154 0
4164 11
4247 0
4267 8
4387 0
4397 11
4716 0
4736 4
4776 0
4786 11
4942 0
4962 4
5110 0
